# nbody
1650.0
0.44282998818263397
0.44282998818263397
0.11434002363473264

# plinko
2.9841174968371322
1.2687293477747394
4.261707892556035
3.486679122761999
2.7985729418457077
6.186678053710039
1.2687293477747394
4.435401090233994
5.943904443624785
4.625947986889697
7.132506560450728
7.5704565420716365
7.13250656045436
5.659640300129015
6.029658641684566
4.450522252606292
1.2687293477747394
4.409704957163822
4.753502626657655
0.980771157524109
5.846301781120879

# treeGravity
1.0000000000000007
0.2819409382745033
-0.9567223581327687
-0.453910904936186
-0.5568274684360845
0.4671036662155534
0.3493140763739119
0.7782335136248963
-0.8294607810659737
-0.15413268593820684
-0.9422959462496832
-0.5645553797667497
0.0064834649087093825
-0.9502678826953291
-0.5958285015874758
0.3021443525606827
0.09161758461615928
-0.563937042140778
0.18174173033952715
0.6137991947865787
-0.9886648418593654
0.6188626264845782
0.3981909172430779
-0.3187062565893341
-0.686180139683361
0.9194685853823247
-0.32262180102778654
-0.8185159500086658
-0.8134430851234298
0.6919457559560048
0.20408642417503442
0.6098177746952317
0.46541321535536617
0.07813328462421032
0.9433556640565991
-0.2406362376264964
0.102476942335215
0.665134559666474
0.23630765144258695
0.7194191377271751
0.15150087254676892

# reactionDiffusion
0.1424484596796833
0.060400474239539634
0.05118458424701067
0.07752163594437682
0.1300738969202977
0.186988316772664
0.21737769551550298
0.21744625008943433
0.20635147083865474
0.18492142503590642
0.14241252821852546
0.08766737053327553
0.04335332957486545
0.01860186610597142
0.00859686015391009
0.005930198568538458
0.005211815696806746
0.004018471052028329
0.0024269978092081638
0.0011460661011003848
0.0004346186747890312
0.0001441030620061543
9.566732074381995e-05
0.0005373405078566871
0.004072230683263987
0.018211641400143436
0.049884927068751604
0.09600452633713578
0.12638182484121063
0.11001719042724448
0.06522782758631249
0.028074874787044287
0.008860607274974428
0.0018945701888785698
0.00033218668955510377
0.00018321308540368932
0.0008592541356182099
0.005256317350453527
0.022566290175711635
0.06116796738721837
0.11130833247771844
0.1416209817679787
0.16118088280596413
0.2614205529126952
0.591620504392277
0.8513437817315439
0.8836848638701099
0.6518758351214254
0.27429499778164596
0.18794479586397042
0.3395868294396897
0.6675554988992232
0.8844369517697026
0.9500295661180941
0.9640099020876625
0.9495745625694016
0.8861478006189011
0.7356290641749684
0.5636885755057108
0.47049285186987566
0.40646042241547015
0.29146539320584697
0.14916476752744498
0.05462645006756276
0.013613585558609045
0.006289934184497752
0.016090181733957685
0.0638196285105423
0.24685574761852155
0.5114344295002208
0.4985013846032406
0.25334011497919323
0.10304339365888078
0.06513544927523676
0.10095370034253474
0.208382937682798
0.2150318104779657
0.11913649390319259
0.053587836286890886
0.0283231900135435
0.017674648096287292
0.009112964799686799
0.0032552283262534494
0.0015732563848246002
0.0021784295479768995
0.004470606279774551
0.009519121628159608
0.024518249272104522
0.07273664315988419
0.14136698414185617
0.19028667365767077
0.3183043339508289
0.5364247733963085
0.6192319963162594
0.806281555392727
0.8895849246650371
0.8009426571602215
0.41660591037017186
0.1424484596796833
0.060400474239539634

# wave_bounds
6.742262021427706e-05
7.869406482105802e-05
7.843305615538508e-05
6.223985974917719e-05
4.7676953742366945e-05
4.35271747822406e-05
4.4939732306607265e-05
4.931071072378369e-05
0.00010749609828338966
0.00025301833946260894
0.0004824039011816462
0.0008025609529034925
0.001185888775795414
0.001549460821055913
0.0017670230595742242
0.0017610139949142773
0.001612563118645668
0.0013909086241492342
0.001146365406235434
0.0009454996979325849
0.0008137113658081085
0.000745310737669338
0.0007152583435633901
0.0007118346384551963
0.0007122335616420628
0.0007174116843136137
0.000736098842518036
0.0007713466511946618
0.0008466772084931328
0.000989602910212604
0.0012047653797376164
0.0014780703656882405
0.0017383396334372156
0.001915460839751584
0.0019463198877801714
0.00182696571828115
0.0015950076779261673
0.0012712604932870967
0.0009339941729709211
0.0006440699917636621
0.0004176504704134646
0.0002469496674073264
0.00012206079017202295
4.3649640785616234e-05
4.1119138566157826e-05
4.0004333761505384e-05
4.1605523568400466e-05
5.0111030974278794e-05
6.359260625387591e-05
6.739859082185468e-05
6.490509384998e-05
5.8749366428371894e-05
4.86210126519049e-05
3.430762278021286e-05
2.84678067435836e-05
2.8323461500473602e-05
3.025263493494041e-05
3.363489511027718e-05
9.186109000764896e-05
0.000196055426459612
0.00035225778250040087
0.0005602355260836035
0.0007941631212616437
0.0009929905906137303
0.0010765805960212052
0.001070777004109441
0.0009793498880790333
0.0008392233755517767
0.0006871759660025064
0.0005640678410527211
0.0004845005810301706
0.0004449318459983957
0.00042813990004595944
0.00042671997527613247
0.0004792462964949014
0.0004540790727698315
0.0004403570542926262
0.00046058653796525874
0.000504581646174177
0.0005914502119785467
0.0007242199407142241
0.0008912842733485476
0.0010562245002773889
0.0011660466356699923
0.001185350040322585
0.0011113282921209923
0.0009673615714823757
0.0007905404819736423
0.0005979002027552021
0.00042468337865799886
0.00028558395814200487
0.000177361433500951
9.382932717550328e-05
3.46224017923154e-05
2.864970742429336e-05
2.8925394369654485e-05
3.32936300361264e-05
4.809749365982326e-05
6.742262021427706e-05
7.869406482105802e-05
